3631
6667
5847
6145
488
5743
3361
4549
7269
5888
3909
3248
6331
810
7165
691
1069
3599
2887
1282
5413
2899
3409
6689
2032
5088
4678
4938
469
5162
5565
3739
4177
5615
1733
3321
5012
62
3203
1275
4165
1343
6834
354
1402
3823
468
5951
1358
799
105
860
2944
4819
1134
6143
2240
4794
2967
5593
1824
6695
2667
6134
1218
1032
2878
4046
1339
1445
3852
3733
861
1601
6810
2932
6054
3672
7123
6531
6130
3243
457
408
440
819
6814
6114
2013
3629
2809
1319
815
2050
726
3029
6347
4163
461
6191
40
1536
5501
3364
4128
645
1334
3511
5444
3508
1443
2749
5538
447
331
6459
269
2504
2021
2455
74
95
3302
6817
1027
7054
553
5699
285
4021
47
6799
3159
3007
1466
4298
5858
5737
318
6874
6457
2549
3696
2423
6267
3713
2675
443
1862
4669
5736
3006
813
2340
1015
7217
7460
554
3097
7183
666
367
5739
7171
4844
3865
2269
6599
3230
754
1124
7010
2346
2861
413
7372
2017
6616
1996
6536
4287
4843
3910
2639
2790
6203
4887
6515
7004
4595
280
7137
2807
6073
277
5510
971
3103
5386
6058
6227
4413
5227
6803
3129
3916
1852
6415
5362
2978
1606
1559
6514
4488
4269
7273
6950
6440
4105
103
5222
6177
4563
6678
3506
2812
7341
3843
5750
1940
1326
5760
6767
2776
3807
3677
405
3623
5957
5682
599
6558
7133
2897
4927
692
83
3257
7209
4
2369
2630
2656
6719
2482
4291
2797
3226
3047
5199
2252
2709
4425
4912
5887
3914
4292
7424
6543
2493
742
5432
4625
3350
1574
3233
5504
2674
1214
3504
3144
1383
4992
5448
6315
5155
2803
6364
6925
5599
779
3928
7450
6658
5180
6243
6882
7097
3387
1751
1470
1725
5310
4161
1338
863
279
3188
2682
3331
6958
2758
973
4690
6104
1047
4555
6830
4302
4431
89
427
2012
6334
3093
4379
10
4011
6318
303
4535
5916
4369
4919
2420
1644
327
6352
3670
3841
5031
5483
2067
6165
1980
1068
977
6800
3679
985
6902
7174
6323
6946
4642
4063
3921
2628
1351
1519
5175
6539
1426
4214
2969
1608
2717
2615
4863
2903
4281
163
3761
2337
2742
2232
4779
4139
5661
5572
941
1785
4286
3438
1077
4798
3574
251
3729
7351
424
1239
4804
2764
2379
6664
4192
4271
125
7464
5233
4040
7364
1272
7061
2849
3522
5696
4575
4617
2259
6490
5516
6026
5126
2497
510
4908
2987
7361
362
6419
4371
3642
5553
603
4797
1094
148
2320
920
1882
2516
5208
1604
3805
7241
2373
6406
3462
4813
5123
4117
3367
4141
5469
656
4051
3447
3583
3322
3967
4894
6085
5922
4228
6600
4666
879
6236
4243
2805
7029
5438
5391
5998
916
3239
5348
4461
2090
3650
3278
1382
4989
5338
588
6653
1775
1465
5488
3445
1302
7220
5425
315
4132
3699
4550
5228
6257
5950
3970
6592
642
5477
573
2385
2728
705
1349
84
5183
571
4691
5335
6984
4652
5057
5767
633
4728
7012
5867
6772
5186
5722
3442
4806
2706
2198
2144
5712
4360
3573
35
130
4977
830
6290
1177
6439
1116
5120
4127
807
3184
1681
1352
145
7277
2735
1006
7173
7066
7071
6132
344
5545
5864
4936
5230
1091
5447
4048
7094
7068
4428
1828
6044
5004
4003
5242
3238
365
3474
4877
4847
2692
3332
214
1926
236
1316
6999
3554
4768
351
686
2389
1674
2401
2962
3638
5791
7289
2261
2604
4976
3766
6930
4846
3652
6003
6074
4056
4236
4948
614
7413
1119
2456
7266
4305
6461
5845
3625
1609
4641
2177
1934
2291
1667
4821
6167
6056
6006
1767
4324
2189
6113
1278
2795
2754
4366
2567
6853
428
6948
6346
2249
1350
3069
575
205
5507
7159
4420
5953
5790
3345
6069
3509
1878
1261
1038
3822
5910
1944
3143
4547
3550
5035
3209
6247
478
6119
2722
5161
2074
2531
4614
2071
5017
1421
1247
4270
2945
44
1062
4381
4838
3336
1010
1772
4331
4698
3821
7400
5799
4178
2481
6228
3730
5997
638
5645
1719
5809
7030
1448
4150
75
6482
2792
2000
7327
3253
6210
1228
4875
4452
6476
2174
3889
3632
6691
5689
4997
5177
5414
6413
6848
7308
5412
6998
792
3120
1576
3198
2650
3320
5400
3441
1948
607
5971
3876
246
1287
5231
3933
4672
4194
6175
6018
2052
2200
6200
6274
4250
665
4247
6913
2585
2477
1596
789
4586
2245
2061
2737
2991
2725
3591
296
7148
6120
1168
1012
3938
4423
4443
3863
1958
6397
3812
2383
2313
909
19
2135
6534
741
2235
5382
4200
5232
696
6787
2521
4814
2920
7380
4901
3883
6308
3236
7023
4634
4937
5132
2684
1990
3210
3987
3549
1748
5352
311
675
4301
757
7103
1779
1208
1978
3455
305
3382
3871
1176
3797
2016
2781
4524
3200
5139
4093
2912
6303
3308
516
6734
6129
1685
3782
4776
3601
132
806
3848
6309
6493
2377
6407
7435
3791
3312
3864
4766
3094
6770
6097
237
6432
5289
6078
1661
1901
6157
890
1169
5068
3380
4639
4611
3058
5373
38
7003
1331
1255
3204
6880
1620
6464
4542
4762
6498
2164
1074
1009
2321
359
1224
310
2581
2925
4043
1227
350
6485
6986
6604
2528
2230
3150
5064
34
6248
5156
6298
1137
3428
7175
7243
6735
5623
4279
659
6960
1714
7021
3393
3381
1481
4354
185
4156
2942
5210
4737
239
3825
2532
2352
4754
6944
2676
5801
4523
5548
3348
7335
374
3837
3946
2644
3507
6516
5399
2968
5388
1430
2906
4373
994
6391
1002
294
6570
3646
135
5103
982
3934
6294
1495
3940
2155
2413
3124
419
4559
6786
1251
4502
5081
7258
5503
6207
3287
1060
5074
923
5870
4967
3648
5925
245
7393
265
2784
4689
7295
7309
3181
3252
1503
1248
4884
6317
5219
442
1109
2534
2908
5942
4514
1489
3458
4322
3571
4717
2535
4469
1880
6938
3786
91
2748
4344
1433
2054
4696
6186
4772
7178
6217
2817
4361
4363
4594
4001
5898
4609
3170
2236
1771
7139
1894
3408
6492
5349
4983
5850
6725
292
1195
3372
6509
284
784
4840
882
6405
3828
2610
1307
4434
6886
401
4185
4761
907
7373
7268
7409
1511
2250
1950
1192
2384
6486
4861
5329
7339
4628
7124
2237
1310
124
2689
7022
2386
16
3421
4631
291
5410
6544
3895
4414
1223
4985
104
2418
1728
4713
2152
4028
4397
4529
4159
6716
1113
2342
4688
6142
301
6894
6111
2703
1051
2970
3640
6777
7475
1022
1425
3423
5381
6578
1397
5716
6117
5974
322
5075
4061
3949
7452
7041
2183
4615
3377
381
4401
341
4133
505
7328
5486
5603
1200
2542
1929
217
1764
5314
4110
3043
264
6168
0
5982
1079
2665
4120
6265
5610
7188
489
210
3486
2458
5977
1186
6595
3857
3856
5280
3299
3219
451
379
2081
1825
7130
5079
5465
5166
6622
445
5110
329
7005
6332
529
6690
6560
5896
6047
6448
5026
2467
518
3858
4365
2132
2870
817
3218
1469
1023
6900
59
892
1702
2293
6879
1070
6378
3354
6064
5532
1000
7448
5294
7391
6557
7156
627
4647
2176
1732
2575
6679
7078
2568
2505
629
4811
5284
2327
2255
2429
6760
4910
2439
2828
5962
5534
4333
4296
6327
1406
1226
1709
2387
165
5500
497
2592
7046
1974
728
5588
1959
2368
4741
1173
543
2958
6484
4399
7385
1296
1551
1835
620
4284
5359
1246
2168
4655
4465
6219
3394
904
5456
4013
7253
1518
610
5250
1973
363
2902
5435
4407
7104
1500
1942
5932
883
2789
7314
3600
2274
6596
1639
2953
2184
355
774
4662
3540
5911
4085
6250
1694
1493
7388
2613
2883
2560
6321
3444
3636
3585
7302
5254
3789
6077
4917
3674
5718
3077
4224
4215
2095
5072
2336
3986
1626
5787
3827
1348
3180
6970
1044
6027
2496
3368
6646
2596
2616
113
5592
7346
3157
5566
5085
2460
847
4130
7230
5140
52
6105
6471
7064
1946
1969
500
3996
1886
3840
54
4123
1141
1971
3283
901
4738
2917
2157
5569
25
5802
5611
6481
6216
5995
5122
3342
5097
5868
5927
6915
547
525
378
1485
7340
1513
3089
1778
4955
7278
4456
3615
5171
5990
4096
5670
3819
7272
5090
3471
4658
7072
519
404
5124
6741
1814
3753
4082
711
6096
2188
7377
5038
1369
1693
5257
4506
1889
6916
3339
6218
256
3817
6501
5952
2202
4067
77
5842
1914
5756
745
53
1705
399
4673
1483
4430
5616
6322
6365
6607
2562
749
7100
7423
2652
208
3803
6336
6572
4941
3757
1045
2831
4491
2304
763
5885
1947
3654
1625
1595
1742
1386
6107
5766
542
1634
6342
3810
4015
3552
840
5763
6850
5913
6527
4182
5157
4926
1265
5879
4859
3561
1525
3212
2066
4002
4166
6306
244
4375
6458
2299
6538
2993
3276
3976
242
4019
6176
1876
3548
1750
4574
3467
1684
3268
6353
6933
3201
7056
6016
2990
4800
3777
4568
1163
3390
878
364
5884
346
409
3151
5263
2711
7344
276
6631
1716
4854
1008
868
1081
1205
5732
5049
1510
1573
1524
2515
400
6057
6934
1753
5292
4176
3793
4060
1389
5839
3217
4206
5555
3768
7379
7158
2427
2029
1548
7408
5356
2309
3759
7398
6438
6965
2796
6889
1781
1444
4736
4374
147
4137
5023
1658
5288
1437
1962
5949
2190
2626
7454
651
2093
1704
4266
3527
1184
6588
2415
7282
373
5351
3692
140
6005
6188
5423
55
1065
3763
5838
3304
849
613
6287
1055
6537
96
4742
4473
3727
1541
527
6702
3765
4107
5698
856
5392
3643
1127
2075
5738
1501
7480
4841
3255
6063
591
4240
1452
3453
816
2053
3463
615
3414
6863
3622
5813
206
1641
2660
3128
3887
730
5531
1475
6103
7164
5063
6164
4723
2056
474
5045
3141
3746
2609
1847
1269
4391
5427
267
960
3070
4719
918
4865
1624
5700
4566
7193
2982
6101
6838
6048
912
6483
7403
4998
544
3154
5094
6579
2862
3087
3036
5854
724
5742
1259
644
6398
6370
3080
3985
387
2446
5490
4157
3568
641
1139
5478
3984
5471
1482
4864
7101
804
51
2780
766
5136
2213
3419
4189
1843
5681
4393
5024
4347
1957
190
6637
4151
978
4235
6260
522
4091
658
2333
2669
6924
911
1057
2182
3489
1547
433
3678
3091
4005
5276
4760
772
4351
1422
4170
1461
482
5428
2859
2554
1147
4069
3905
5112
3842
5146
46
3755
2359
4083
2271
5298
4231
2001
266
1575
6178
1746
1970
3326
1898
3588
6963
2457
702
3917
5209
2986
5797
4155
6102
707
2922
7166
1619
338
3877
3246
6722
2323
3760
2326
1864
4427
2096
7354
4648
6008
808
1083
6065
7182
905
4032
1222
3900
5904
2398
6866
7044
3530
7468
2688
2106
7235
2843
1029
4146
5421
2520
5460
2889
7366
5539
564
2523
191
5733
5709
5622
4879
5315
3001
3982
2701
917
3205
7399
7050
1868
2022
506
4664
5775
5000
930
5536
2636
843
1777
6276
1488
7336
2934
1895
1180
1505
7397
4556
328
2435
4202
1553
3457
2691
1904
2419
2871
4352
2733
7205
3618
5976
2037
7037
4616
2214
699
2894
4449
2779
1194
1636
3282
4944
3291
1447
3635
2145
513
3893
1964
3959
871
1550
3880
2105
5825
45
767
5634
1994
5270
1655
605
4113
1435
6912
2354
1408
1202
6480
2755
22
465
4924
48
6071
5339
5005
6121
4261
2030
2513
4409
7381
199
2577
6650
3186
6375
866
2428
5562
3294
2904
5089
4965
5170
667
3682
3060
2952
4364
2546
1833
5506
7039
2907
4179
1492
3045
5202
7265
3515
3267
2040
3202
1848
1131
3500
4716
2832
287
3586
5973
5981
5748
2981
7298
3033
7036
4437
64
195
5537
7357
6899
1651
4283
5921
5673
4323
5125
3596
4265
458
5093
3061
3426
2092
6170
4251
6914
4119
2122
3536
5273
4359
5152
5628
4510
507
111
1206
988
826
7228
2518
7198
1014
6711
2687
3478
7293
2329
6285
183
7285
703
729
3557
2474
326
2716
5679
4318
160
2955
4990
4421
3023
3581
1528
2680
5416
6241
4519
171
6344
3866
2064
3896
3774
1671
308
335
2080
561
796
2734
7477
2663
4651
2798
4357
1542
7112
5372
2450
6918
5749
5612
2463
6862
1241
6864
5658
2076
3222
4183
6638
3049
7170
2914
2217
7227
4701
5937
1293
521
2082
2148
1640
6991
1061
1564
794
5912
1411
1033
6092
6036
4903
1613
884
314
6288
2453
3149
2857
7437
4619
109
2024
2394
4508
3847
3838
2395
2267
5076
4925
3920
6576
5746
4810
780
4089
3559
732
5865
3279
6264
597
5160
3147
2433
5067
169
1149
1605
781
126
2265
4102
2638
5235
3175
6422
4466
3145
9
2763
3250
1245
3109
5236
4671
1243
5226
5308
4856
5796
5633
3955
5418
5044
5695
1504
4209
1721
2294
6849
6955
4103
3275
3673
5159
5422
6154
3691
3300
3397
6289
1001
6133
4825
5678
5330
2766
3057
4627
3776
2821
118
112
6183
4882
5470
5239
2679
151
6613
5640
5385
2112
12
3676
2059
3844
6928
2180
1938
2078
7255
1703
1219
7077
2956
927
4946
5776
2339
1638
2305
6804
1258
2959
5597
2476
4541
4341
1951
5729
5128
6833
2447
3762
5333
369
6773
4721
2154
5241
5926
1588
6403
2739
1036
6388
2858
418
2666
2276
2730
162
6049
3637
1687
5238
2895
4446
4656
247
4482
3479
5705
4679
4654
5731
3966
4803
7331
4378
353
1086
2229
4405
6235
3874
1966
3349
6715
7458
6204
1234
6684
1787
1675
5986
3067
1413
5637
3459
6242
3706
1280
3767
1568
1106
4422
7199
6171
5547
1377
5564
7342
3078
2778
5346
1361
3775
4771
6971
4683
7043
221
7065
4238
6425
2290
5056
853
5402
3022
2044
752
3935
6926
4467
5871
2300
5853
1807
4872
670
2396
3363
3484
5182
4511
683
4892
3244
3787
1436
2988
657
771
6755
3533
689
3888
6259
2404
6220
5691
3616
3513
653
6686
5370
4831
5313
5848
5305
5747
6942
5455
6748
5665
7225
4935
23
7177
7059
524
750
4707
4440
7330
5426
6184
5462
5675
2062
4817
5596
3944
6983
1203
5271
3044
1908
7163
3611
5129
3617
3701
5467
1201
6089
954
6278
5360
3251
6929
2992
5353
1162
3306
2070
5341
252
2238
1672
2083
4338
133
347
503
3338
2239
3722
3703
3664
635
6569
6553
3273
6067
7264
6052
680
5552
4006
5519
1114
6821
886
3406
4832
2643
1924
2511
467
1983
4389
5053
5369
674
2499
57
4943
1502
3724
2949
7436
3053
4276
1837
3095
824
4539
8
654
3578
5164
5901
2752
4462
1845
5165
238
309
7360
7060
5994
3918
1213
4131
1439
6891
7162
5600
719
345
4952
7416
6013
6890
2948
5497
7347
7245
5087
2765
1415
959
5109
2216
3446
4486
2162
5487
5726
5614
6244
187
5025
6732
2077
2140
1599
2882
2310
5567
5934
6940
5533
6421
3609
1260
3410
2941
2441
5568
3016
7038
1581
2169
6199
841
570
3492
2494
7084
906
3593
1388
1497
5
770
568
86
2319
3499
2961
2335
2814
5800
1039
5185
4635
5377
7152
2408
6292
5754
2402
1776
1324
6428
5009
6386
5745
4823
1918
1995
3906
6704
4622
204
1007
4851
275
1418
425
6530
357
538
6762
2867
5396
3041
801
432
560
7081
5179
6300
740
2004
3936
4416
2197
5403
1419
2545
3818
1283
179
5685
720
6681
5778
7098
3437
4053
4968
6961
3196
3698
1827
5384
7234
6742
7350
5577
5411
5918
2063
6
5247
6568
3296
6266
3481
4188
5350
2632
1204
7469
3520
895
5394
945
137
5357
4059
3954
1617
6193
5944
5570
7387
410
6330
3119
1073
872
101
5050
388
6182
5200
1104
7045
1949
5590
1468
6837
4789
1587
4590
6076
2670
2498
2234
1308
3669
1345
2417
6505
3860
5461
5274
1682
6272
4330
1854
358
63
5055
5624
3100
6519
3487
3801
4959
6367
5989
5018
4174
4886
4858
5223
1932
5708
5835
5660
1143
3752
4667
5178
3269
2349
5657
1717
6284
6491
4885
5856
4731
679
2751
1254
6086
1770
7095
4711
7016
3220
2964
1795
2156
1299
7215
3366
5822
4023
4400
7478
1768
477
6652
1423
6707
1870
5619
5229
5218
1826
673
4777
7117
2003
282
1082
5573
6385
5285
6618
1877
4953
4223
5065
3728
6095
4348
216
3799
1396
5258
6031
2331
3138
4307
2768
6197
4100
2107
6326
2073
5601
5320
1976
1707
3971
5906
2547
2266
2599
3709
5281
6554
4181
3502
394
2210
6826
2994
5322
4978
2192
3534
6584
6087
193
3993
6172
2492
1362
6469
5875
6872
5991
3973
6790
1322
1368
4054
7250
5542
3868
1859
6312
2483
5040
1330
1096
4624
155
2919
5804
4075
228
207
6990
6738
1692
2966
5163
1910
5492
1756
2038
972
4775
3780
4930
5727
6975
3346
58
6504
831
4822
2027
1288
1526
5511
6611
7431
3687
2253
5559
7262
6173
5437
6845
5287
4152
435
196
823
997
5620
3830
4175
7121
6263
389
6286
7420
2374
4784
6208
3879
3732
6319
1712
1810
3898
3978
2574
1441
5890
6340
4213
37
1207
3675
759
1453
4993
1792
5938
5580
2704
3870
3177
3963
2280
2114
3983
356
3613
3163
579
7270
7119
5259
4588
4714
2191
940
2714
5496
1183
4963
5757
5602
3779
4241
1679
3152
2079
5197
5181
7014
6296
490
2226
1097
31
593
6910
6988
5051
5265
2125
2550
5710
6549
6371
6310
5033
3969
964
2440
1294
2658
470
2837
5556
5583
30
5543
4730
313
3911
5131
1623
7363
1019
685
176
197
3385
4419
5193
1697
6399
463
2745
6033
586
3106
1554
1179
5431
2258
4770
4257
6393
4147
7233
7087
4328
5188
2788
426
7338
3185
6091
2836
6896
1925
6875
5474
4314
1197
7092
4503
3317
3977
1138
4958
5022
3697
919
1172
913
1696
434
6400
173
3301
4272
5520
6993
3742
5266
487
4950
6688
1129
3960
2750
5127
6783
5390
3941
4201
164
3085
2347
3494
787
1041
6567
6750
5690
2661
6234
5576
768
5344
4579
1982
3942
6189
3420
2909
1858
5608
5234
1225
693
2356
283
6383
5311
3405
6436
2466
4558
3102
3347
4633
2509
5967
7091
2720
3435
7333
4148
992
4237
6202
3781
748
5694
1460
255
39
2885
577
7200
5978
3708
323
6302
226
1556
3371
116
3610
6542
2775
6720
33
5143
6623
2856
6895
6258
2445
6969
6634
5605
6098
5358
3832
974
3285
6635
1050
6967
5215
7404
188
1253
4663
268
6414
3997
17
4720
7031
5277
2529
1666
6795
3158
3288
6392
5667
2700
3526
5149
3501
2771
5780
7206
5815
3083
1490
3131
6697
1883
546
1562
1304
3924
5221
3072
7102
4394
3176
6989
6011
7013
3193
6867
146
2375
3028
2590
4497
6072
6131
3685
4441
1016
1863
1822
5134
3620
102
7247
5361
512
1434
887
5987
6372
5108
6740
5892
5714
2102
49
1891
6951
6135
1399
5466
664
4845
2891
6508
5740
6979
3374
3553
5116
1757
6329
321
6706
1520
4144
1391
466
312
2034
7111
4384
1903
2740
6675
2221
2561
5891
4747
1085
4516
5251
4537
2572
1791
4418
2710
1404
4532
2579
6079
6252
6904
1381
7348
6922
7305
4722
3693
7076
4980
4258
2770
1003
4227
5792
5626
1866
1788
3386
6745
6474
3795
2838
3498
1327
4412
2185
5374
5459
3547
1727
6068
1566
4275
2212
7128
4686
1390
1450
621
5484
6106
2287
3769
1602
5877
1291
1136
452
6906
360
7412
558
122
958
3039
5048
5347
3988
5793
6565
2525
2084
3173
5968
5325
968
6645
2065
72
1198
910
1067
2864
984
2475
3720
4484
3845
5963
70
3480
7161
4748
2116
5398
6369
1853
1909
3264
2295
4928
3013
1155
7312
717
5549
1817
5405
2600
5783
1832
27
4116
536
1603
7476
2277
4499
4459
3975
5293
4979
1312
6466
18
454
1642
894
2322
361
3048
1997
421
6764
4447
6871
4612
7075
6708
5744
3429
73
4852
1257
5225
3130
4778
7132
3142
5154
851
899
6996
5999
1977
5852
1979
7007
4010
3717
5387
684
2931
709
3206
6624
139
6429
2928
6892
649
2297
6893
5935
5451
2451
811
2281
531
1892
2612
3314
4164
7462
5420
5985
3167
3846
5379
7271
6349
5317
2583
1836
3809
980
6024
1985
2490
2721
3165
4160
5248
3614
2741
3112
5880
6672
6746
484
4674
415
5415
6297
1105
5184
1360
3661
2655
4024
1686
6004
2635
2019
3449
612
302
2316
6835
475
6035
2308
7257
6920
4220
756
2641
989
1737
4829
2131
2178
5683
6268
3223
5174
5939
5481
6449
6470
4408
6647
578
4939
2848
6472
5706
4914
2772
4726
6053
3904
5114
3378
2020
4755
6153
4325
2719
4629
2422
4487
1471
5649
1357
444
6698
1627
643
390
7108
7032
2209
2142
1543
4335
2759
7042
5043
2503
7147
4809
383
2835
150
123
902
333
4190
2627
6451
6985
4744
2947
4598
2793
4897
5204
3140
1315
4644
3539
1054
5107
1752
4080
4204
7019
2314
3194
1915
2002
1300
7202
6806
6061
1699
3290
5355
1072
3379
2117
6820
1773
5703
1730
4403
4457
7283
1841
6590
5621
2576
2355
1912
3612
2196
3929
349
2222
219
6402
867
2712
2306
7229
5970
1166
6581
2762
6255
5883
4522
3161
3168
5643
2171
1793
5167
1156
5383
1256
2693
4386
5158
6601
2723
6500
3607
391
584
6195
2657
1515
2211
2150
2702
2407
2502
3319
2872
6759
5153
1267
2598
4274
4432
540
2263
6873
4455
3450
4601
850
677
1653
1558
5019
1135
3084
1416
3505
6206
32
6281
3915
1522
7296
7304
2288
663
1487
3443
4036
1928
2257
4480
5571
2753
4377
5041
2047
2918
4799
3407
4353
1342
1821
1913
5213
6973
4827
5046
2629
1371
2607
6931
1126
7008
4326
606
1230
4581
2348
4222
5016
5084
2880
7479
952
348
2985
4050
2087
639
5646
4483
2444
4596
1922
406
1917
5324
4197
2033
2431
3853
6547
4786
3881
29
6898
5255
7238
1591
3514
5354
1760
4597
5919
5069
2846
5334
3224
747
1907
6743
3931
6877
141
3656
2344
4249
7192
2544
4066
3510
1890
6753
5111
7122
3456
1440
1431
1043
1231
66
1509
5618
5872
3134
1521
87
6009
4264
640
7319
6521
1594
5101
5404
2464
3567
4008
5895
473
3281
6478
2159
3721
1182
4682
1529
7070
6903
734
5036
2930
3472
1403
385
1711
4808
3829
2410
2898
6313
3538
6788
996
6020
7185
4350
1927
1152
1188
3026
5857
6881
2324
3415
1130
6424
7313
1400
142
493
3563
377
4317
1747
5194
4098
3295
4899
4438
2
4582
5805
1683
636
7113
3042
7026
625
1628
6376
7167
2865
4700
2134
366
5001
3806
1545
4229
1664
5914
2179
5102
6161
3979
1244
4290
5086
6956
5830
4708
2111
4108
4853
6876
5594
4072
4802
4442
2031
2879
1190
1865
5517
3056
3098
4583
4729
4125
7002
5654
1713
537
4909
5389
131
5118
7287
6682
6730
4145
2007
1691
7120
5521
6127
5133
1874
2824
880
5650
3490
574
3121
230
6858
6575
5244
6844
3293
3948
82
202
4460
1376
3211
1398
1688
3926
3107
7015
934
4934
6023
2357
1075
5237
411
4349
2113
1264
6343
1829
3187
7149
3307
3412
6687
1171
1861
6404
1046
6270
6699
1090
2591
3981
1855
4883
1731
2242
3113
2158
386
7463
7157
2769
6453
2951
5561
4064
4834
6029
6214
517
4657
3813
1266
5905
3473
2668
6816
1320
1580
3972
2564
5407
3325
2268
4450
3804
6387
1167
209
4548
908
1344
1018
990
4676
7422
3440
7110
3556
7187
5897
2622
3974
4540
7239
7153
4167
1741
5066
2699
4569
6628
5975
7145
4824
7221
1844
7443
7280
7195
893
862
5721
6670
2605
274
7371
6749
3465
4062
2241
7345
528
2215
4880
50
3943
2409
261
4653
6953
3483
2963
2430
6831
2806
1028
2286
4211
4498
3839
1754
4996
60
1303
5029
2558
1289
2637
7063
1240
6128
4402
4468
6377
7320
6639
3794
6002
6040
3074
6982
6411
4411
4479
5529
4297
5544
6609
2804
7141
7378
4343
1031
3922
4564
1491
2984
598
178
3595
336
2025
5546
3628
1311
2273
2825
1766
735
224
7020
6663
3869
5269
7237
2884
7176
3164
3873
6884
619
760
3488
4913
218
1229
4618
5632
4960
2855
778
5366
4267
7449
3207
2514
4752
7432
68
4681
3460
1546
7011
1284
4496
1533
3772
7294
5824
5375
3327
2388
4890
4513
3555
6842
7286
7181
4964
5195
11
5836
3263
3950
3485
727
5671
2729
5653
869
2161
286
6994
184
5677
1370
5168
4309
3899
5054
4915
1110
6408
1107
7099
1906
7196
2115
2414
1263
3658
3431
2046
4518
1530
6566
88
502
511
5589
6917
3010
839
2588
5668
926
446
1902
805
5761
3532
270
2926
5514
2315
5482
4638
243
4520
2345
5770
3705
773
5424
671
3626
5011
3427
4037
1893
6545
967
6223
1164
3235
1364
3901
156
6693
1193
508
7318
6754
5297
2014
3433
7292
170
3092
1986
6528
5493
6148
3079
600
4538
6813
3736
7438
1030
119
1662
2586
2767
6605
7459
4585
371
555
3027
4136
1905
7374
499
6673
4896
3531
1336
4300
2469
7017
1701
2343
1401
290
6636
4557
1569
4855
1649
2743
7190
6943
6976
6417
6562
4791
896
5557
7118
3009
2935
1993
6037
2086
995
240
5513
1249
1850
6865
182
5595
5855
1210
3831
3604
3225
3318
7396
6368
4774
449
3608
1317
608
1158
4196
7467
7214
6995
946
4490
3582
900
4767
6692
6452
788
431
5275
2399
3824
5774
6921
2896
6060
6426
4154
5082
5769
1059
5784
4041
5047
6462
3930
1281
2524
1762
2262
2406
6952
7240
3771
4874
5779
2223
5301
6468
4923
5899
6591
3344
936
3482
2744
764
1098
6254
6573
2486
5445
4685
5303
1170
876
5832
1159
2454
1486
4385
4602
4476
4219
2311
1991
7303
1896
2272
2436
708
5782
5071
4263
5409
2939
2058
5145
6487
3166
2617
5969
6617
712
7279
2847
4988
1786
7089
6475
4026
4749
2195
271
7052
5811
2332
655
6146
1181
1780
1507
2822
2035
2810
2165
854
5655
4591
6262
262
3524
5446
541
3579
1718
6021
4576
4830
7456
2163
1442
4756
1101
4149
6361
3208
61
273
429
2097
5256
5135
3859
3086
2141
6819
4860
2996
4699
5961
6577
1049
596
7106
3749
4033
3117
2646
4329
1598
5505
4650
5073
3834
3315
751
2933
6619
1314
6583
2820
6280
263
6305
4974
4022
7057
1650
1930
2285
1921
5795
459
3854
4439
2452
4187
5642
5364
648
7281
2980
5717
3945
5527
5291
6701
3851
2799
2338
6489
3814
6771
6974
1839
1567
6651
4940
3660
3999
7291
6548
5495
2434
7025
2662
6213
6615
6582
6394
3700
4027
4382
938
5807
3651
403
859
3710
3572
739
5844
1800
1270
3603
6348
733
6373
6444
6909
2582
6295
2808
6507
7427
3912
67
3324
3284
7415
6785
1885
6416
6513
7144
3947
1476
6055
3995
6752
81
4169
4034
5808
2800
3240
3764
722
7067
6733
6585
4390
4610
5635
3305
5014
6245
7129
6666
2566
1301
6017
2555
3542
4608
337
4111
4444
5331
4315
368
5141
6840
1989
5138
3634
6496
2507
6683
1763
127
835
6937
7455
3528
2910
1729
4042
3562
4158
398
3647
5147
4732
6039
420
4957
1988
4837
6857
1
3872
4587
412
4712
4971
1616
3890
7376
2193
2365
1537
4475
6709
6936
5169
4355
1744
1429
6532
2747
3171
6757
4205
7125
731
2127
6947
2489
4956
3356
1846
1680
153
5491
2540
714
5295
2873
3551
1823
5869
5039
3892
3274
1872
6311
7154
865
6512
814
1004
2538
6062
4020
3991
4833
4104
4551
6731
7418
6094
3351
5408
5823
6502
3358
4759
1963
4336
2325
7425
1432
6251
6435
5735
942
1100
4210
4710
3425
5530
5688
6230
7204
5878
5723
5889
2833
6215
2282
2621
6878
1290
2999
5958
1535
5283
3704
1252
3878
3680
4478
7407
149
71
3032
2219
3179
6905
192
3735
2151
4143
7150
220
4702
4743
6901
947
858
7315
5498
7232
5903
1798
1337
1335
7274
2098
7114
6007
6038
1631
3005
441
6116
4904
5363
6442
1632
3126
3714
6775
4481
7201
1669
3564
7358
2973
3541
2519
6520
1933
4704
6441
2506
4763
963
5789
2462
1125
5243
704
539
1292
950
6841
2425
4079
566
975
3470
7001
6620
2312
1325
2570
2705
1414
580
6070
3418
2382
1612
2603
5771
6832
2690
2146
5249
5091
6703
352
4530
617
439
2874
1076
2317
4765
7453
5512
791
6856
4607
5007
1809
3503
1724
3633
7471
3127
1464
281
2330
6908
4226
4388
2015
6503
4546
6818
2975
4095
5625
6477
1660
1064
6123
4278
7410
1769
6765
4489
3034
6794
4463
6827
6669
4916
7047
1354
1794
7375
4692
6456
3584
2972
1782
6293
838
5817
2940
3116
1812
1196
3723
5526
7224
2840
1919
1939
676
3075
4029
325
4198
455
6140
877
6000
802
3576
1759
4507
6328
6379
7417
4505
2328
1165
6518
1145
3667
2206
7434
136
3688
7389
809
6273
509
2522
1867
2589
2707
7210
2672
1472
4562
647
3645
2270
4016
5993
3897
4999
6665
5142
2936
3886
5473
7024
7216
1133
514
944
396
4911
7394
5656
6443
827
1840
4665
2957
2593
4367
3543
2275
249
5674
1479
7033
1512
2068
4094
98
92
5713
2901
504
4981
172
2527
4573
1080
5768
2651
6051
6155
7226
5753
4435
6802
6357
4646
7082
2500
4659
1690
1784
3054
5070
2517
78
4783
1332
1584
1115
562
2875
7252
4171
1610
592
4905
1112
7263
97
6506
6499
7085
6447
1582
2863
6455
5662
634
966
6163
232
6825
6608
1160
5915
2089
3826
587
6822
3373
248
7421
3430
3221
5302
5061
6552
1078
6593
498
1955
1048
5286
1313
2653
842
5080
2129
4492
3476
4509
1629
3939
5449
3861
2203
5686
4604
4605
5010
5741
3592
2364
4715
4304
6333
937
5105
1462
1089
2698
4820
2541
3076
5002
7362
297
1789
2391
5591
590
5692
2696
6640
3590
7446
3245
6034
6339
6232
6654
3021
1630
2160
2008
2251
1851
3726
5687
953
5764
2302
3740
2130
1146
6540
6561
422
7365
1783
2442
2960
4577
2318
5928
6550
1960
4233
889
4725
1087
2618
134
4337
3989
4849
1235
5453
545
832
2149
1274
3894
6511
5030
1516
5480
1722
7048
3663
3597
7359
5252
4572
7191
3962
4246
1268
1409
7109
3835
1819
4057
4929
6714
3062
1560
690
6211
3000
797
3417
5820
6275
5475
2673
3517
5587
299
6959
4254
834
2537
4680
611
785
1652
5328
948
991
782
3544
4256
3337
6209
460
5319
1393
2254
6100
4850
4835
2647
5578
3951
6587
7261
3820
4881
5988
7414
7248
3146
5042
829
3785
5468
5220
1056
4889
6454
4306
2512
6046
2921
3716
5826
3137
2371
6586
5972
4387
2247
2559
775
6271
2587
4636
5417
5148
5189
5245
4931
3132
6356
1499
495
2794
5318
1279
2491
1920
915
594
6122
6147
6696
2678
4135
2713
5964
3469
1749
4649
1456
3994
4589
334
1884
2983
6685
7244
2128
3148
6395
3644
7049
2296
6144
4839
198
5099
6811
5781
229
1379
5582
5965
2563
3360
128
5810
2301
1273
4593
4706
1808
5104
6341
4012
1873
448
3232
825
885
100
870
2091
6431
3031
2757
6627
5151
5522
7297
4320
6409
721
6677
5306
7317
7236
1446
41
7466
5730
4567
6671
1144
1473
4898
3229
5345
6782
1366
393
743
1084
2619
7069
115
3686
3090
5629
2900
5651
5279
3231
5773
5206
7472
6256
4677
530
5518
803
90
2860
6805
6809
6526
1410
6301
1830
4603
6736
1353
4620
258
3357
4282
520
2580
1189
7000
993
1024
3867
3309
6546
6769
581
1607
7080
6574
694
3396
1965
6066
4068
496
1346
93
790
3135
2390
7140
4090
453
6981
7383
6724
6662
4294
5762
2552
5443
6839
4406
1888
6160
6551
5457
1140
4415
3261
5664
637
5212
5268
3756
2448
5707
384
3655
549
1026
5734
6680
5282
1095
4684
5207
2783
5326
1923
535
5267
5701
5959
4750
7275
3659
1972
2109
4112
6729
1199
725
1936
563
4142
6410
928
5846
4285
6791
769
5936
2186
5715
7355
7086
609
1438
4242
6796
3404
661
1523
3932
483
2937
7337
3403
5966
4932
5788
6180
6380
6118
3392
7325
3668
2827
5430
2264
6012
6362
1185
4268
660
3352
257
5441
6282
2153
6897
2826
1175
450
4310
3298
6345
1739
7447
7222
293
6412
3796
5096
6136
5786
2036
1706
3277
501
6629
2746
6815
6149
4234
737
7390
6668
1142
2916
616
6445
6249
1804
1565
7324
5849
2818
4873
695
3937
4878
1531
4534
3560
4230
250
3012
5117
2108
1017
5371
43
1967
723
6080
5253
3466
3792
5563
5216
154
1233
844
6381
5984
4031
4474
1328
821
6360
5812
5032
672
4645
3376
3758
375
316
430
4471
5648
4429
943
5440
1034
4078
2501
6401
7457
2777
4795
738
2421
4007
3862
7306
3082
7213
1743
3773
6014
4084
272
4727
1122
7189
7290
6712
2400
1242
4216
2350
1417
3956
6222
3790
121
604
69
3260
5881
167
3811
3953
3424
6727
5806
1665
1589
4058
7184
526
3118
6781
7096
4009
6941
4376
2913
7194
1424
2664
1765
2170
956
6860
2648
1663
2231
5211
2539
5472
6314
4342
2845
7428
7451
1815
1250
1968
2126
6972
1600
3747
1842
6126
7301
3454
4321
5720
2924
340
1984
423
3195
4867
4972
4900
307
3925
1394
1120
4902
931
7405
1597
3518
2010
7055
5983
7473
6801
5759
550
2801
3156
1648
2376
3019
6964
5861
4876
6396
6987
168
7284
1277
2640
7027
1952
3335
1020
1999
1736
6446
6437
437
1673
3375
1215
3311
2085
6494
1726
7186
2686
3292
4613
5176
715
1420
5540
4536
1498
7009
6115
4218
6980
3725
4718
662
175
5862
5931
4025
3565
3051
6843
5630
2378
5613
4870
4788
1474
3213
7246
6194
2110
13
3017
4758
231
2510
873
7433
3402
1232
962
5021
6717
1592
1860
762
7474
6828
4071
7470
3580
4599
3495
5803
1611
472
376
4709
1656
1359
5264
79
2708
2977
254
6152
3052
1561
3627
2208
2438
652
6656
4785
5907
713
3885
618
4380
6389
6510
3497
5442
3011
3694
4703
6792
1590
1271
798
5290
2104
7083
6598
4225
4816
2228
3816
1695
2471
1585
3182
3422
7231
6907
4398
7
2341
7093
820
534
1340
2623
5365
1217
6649
1943
7349
5535
3369
3411
1799
1563
6088
6854
24
5419
3908
5882
2465
2172
7126
6710
4697
4000
3024
117
3907
1911
3160
4801
4521
6324
1654
4086
532
6320
3715
6594
6325
4987
4311
2279
2785
3020
3961
4101
7445
180
669
189
3594
492
837
1221
569
3744
1347
922
5598
2120
2244
706
3015
4454
1615
3139
3707
2724
6151
5641
3750
1484
5509
7334
4445
5551
5144
1187
828
6700
4404
4705
3521
874
5841
1670
6763
6887
630
1738
5924
4070
1857
6043
3286
5454
3464
622
4038
1363
2405
6768
1677
2039
5923
1212
1506
3038
80
4836
6350
4584
5860
3174
6630
7136
6978
1154
2307
929
949
4626
7040
1937
1931
5296
7179
2006
2829
1412
4245
5246
6022
628
7369
2950
631
4346
6997
1646
3602
15
1838
2028
159
2055
2774
2143
1720
2060
6610
1583
2459
3383
4122
3088
4252
7323
623
3272
5106
3855
4869
6632
6851
7242
1451
557
4138
2551
2416
1211
4868
3512
3718
4962
6789
6793
4961
402
2194
848
3064
2548
6467
4140
3516
2243
3384
6075
3066
3035
4621
479
2565
1534
4807
2360
2839
5751
6966
6744
1375
1998
2890
5669
4199
7276
2041
5525
235
7288
2207
5652
1380
1557
2366
1123
3798
5300
4991
1992
107
5037
2088
4895
914
4030
5060
7107
6807
1392
1735
7254
5631
6823
5647
718
2508
1285
4947
6621
4623
4815
4017
3891
5316
5380
212
4906
6559
253
812
5798
3537
3059
1622
1916
4195
4893
2187
324
5367
6277
2049
601
3653
1678
4695
1816
7419
6523
4453
6919
888
2842
6015
5606
6137
2998
6354
3570
7386
5020
3065
2553
833
4632
3155
6885
4606
491
3657
1305
6784
4087
6778
2432
6045
4805
3110
2595
3903
3162
7392
6229
5638
4918
567
4580
213
4288
7402
6059
4995
3133
456
6977
5028
5240
7367
4362
1570
688
3875
969
174
998
4984
3745
7329
1745
4332
5376
5450
1329
1645
3575
6226
3681
6847
2625
981
3902
5893
5702
3808
5439
1586
6430
7035
1935
3836
898
1237
1618
897
3025
3535
935
5873
4316
2536
5581
4244
4975
5659
4525
6606
6337
3964
6935
4426
3037
129
3323
7197
4052
6556
317
1449
6141
1881
3388
4077
6108
4949
6589
2488
4769
3545
2204
7160
138
1373
6093
4260
744
4501
925
3400
222
3751
3968
515
2938
7088
5558
2697
3630
3266
5494
2905
5821
5098
7115
2601
6099
5837
5192
4493
6201
4129
4345
5027
2851
3008
1975
2220
2852
2260
1035
5866
6861
776
2888
533
6351
5902
3111
372
3259
1668
3333
3234
5886
4782
3081
2094
3754
1637
2181
5312
3468
3731
3784
7260
7143
3884
7146
2578
1405
4753
3256
5150
6450
5579
2072
2479
2893
7326
2633
4764
110
4668
678
976
4124
6614
2298
4724
5323
6231
436
2393
5217
234
6185
2437
4787
4571
5704
1806
6159
595
4208
3452
6196
5639
7006
3215
1941
921
2738
4504
933
2773
1128
795
194
227
4319
2718
4560
2683
4074
1099
3624
2225
4207
1262
6110
5693
4512
2614
4221
5960
1467
2732
5609
5115
5840
3849
3050
3665
1323
3919
1236
5979
177
3690
3228
681
6488
6124
4740
4410
3114
1365
5617
1540
7352
2811
4951
3734
181
6529
2218
4186
6525
7430
6780
3702
1463
6158
3073
4694
3546
2659
7151
4370
4528
1102
5077
3197
1058
2199
6081
4289
4334
7384
2026
2278
2480
5575
5332
3237
4368
4295
166
5954
7034
6694
2974
416
2911
983
5336
4044
215
114
2624
3359
6911
464
7321
6253
3018
5728
6723
4092
1698
3641
1151
5929
6602
4746
2485
2853
6240
1805
5859
5340
6571
3068
6659
4180
2461
2118
4055
3362
5941
6612
7299
7131
846
2100
2372
4527
6883
1458
6945
6497
2631
6366
330
6001
4106
6010
6580
2782
5917
4212
5943
4920
4531
961
1593
3738
1306
4472
5059
6859
2569
5261
4790
6434
65
1053
225
646
2786
783
2594
4812
3040
223
2289
5827
7356
4670
1953
5173
3330
3214
1527
2424
259
5196
556
5816
589
7370
6758
6739
2119
1395
5908
2472
2137
2124
3355
4570
3770
3280
1790
4888
7073
1387
4533
6465
777
6563
4172
602
2121
5401
7127
2929
5397
1005
2943
4739
6025
1427
2997
4554
494
417
7267
233
4693
5684
6932
1037
2334
1297
6644
1676
5523
6174
6279
548
4327
6655
2671
5765
7058
5368
2470
4433
6019
5920
5874
3014
3247
4828
4383
2367
986
2358
4773
4857
5121
5586
4973
5819
5078
2571
6939
3671
5574
3391
697
6363
2023
1494
5342
5433
6633
903
7062
7116
845
2011
5489
6776
2602
1052
6761
1552
5092
650
6384
1157
5458
1321
5479
4866
4757
2854
76
2869
5541
3353
6359
5191
6427
939
5406
2868
6390
4039
3719
144
5190
6460
4097
438
2478
1040
5100
1025
7028
2362
6205
1875
2487
3071
1811
1961
2995
2731
4515
5933
5262
6522
295
4232
4417
6954
1161
4395
5003
1132
687
3434
14
716
698
523
4121
3241
1899
1849
955
6212
5876
3258
1178
3666
1572
3737
7135
4966
120
2971
3365
2248
3684
5894
6139
1856
3115
7211
3711
2246
4485
108
4203
481
1945
793
4248
2726
2681
3136
1532
1734
2881
1148
4818
6597
6962
7251
2284
2597
6824
6968
5528
2147
3927
4500
3101
6812
2443
5948
7256
5343
241
3783
3340
6433
186
7249
3190
1987
5946
999
1956
99
1318
2380
3649
5327
2927
1796
5224
1238
4293
7401
4193
3743
3105
1879
3525
2292
6224
6238
5434
5203
4088
5843
4986
1633
4162
5508
6923
6641
3227
4356
3313
4114
6642
20
380
28
7343
5214
5008
6473
4933
2233
2426
3952
1454
6846
6125
85
319
3123
4848
626
3316
4262
765
3169
3401
5833
7465
6304
1093
1372
1478
7444
2526
4470
3605
576
1216
5476
7172
5464
7203
6156
5956
1715
6855
1295
6335
3800
4751
2473
5752
2495
1635
881
94
6541
2649
3310
1063
4994
5672
1614
1011
6050
476
4734
3788
4969
6198
875
6625
3398
682
370
7368
6535
551
7105
2048
6083
1174
2224
4921
289
2954
2133
471
932
2543
3833
480
2099
2645
4115
6420
1150
5172
3242
4424
4517
7307
4047
2175
6041
755
3199
1659
6138
3992
1298
4018
2727
5429
3621
1459
3475
3055
486
1514
1897
4014
6533
7018
5436
5130
761
2694
4907
3778
2069
4312
6463
5015
3439
152
4173
2227
5260
5945
1209
4259
4126
3577
1042
5585
6355
2989
6949
3448
7169
6299
7223
4637
6239
3343
4255
4035
6181
2756
4561
3183
1384
5095
6869
5058
4134
4396
3153
1088
2606
2923
5393
7138
1480
5584
5785
3523
1869
1092
2816
786
392
5378
6808
2715
2634
6291
6766
3270
3370
2642
2830
6517
5299
2363
1121
3958
2166
1621
3436
7322
6358
3249
1378
3477
4578
1496
5307
2886
552
951
2353
1577
2802
3
4630
4862
6190
5719
7051
746
710
2101
7053
157
1276
4308
6261
3815
3566
2449
3063
924
1153
4073
3587
3913
6090
3432
211
1657
5930
6648
1801
2915
3192
5955
4448
6728
4458
1407
26
1367
6162
2761
6225
7441
6751
1813
2584
4253
3125
4792
4299
3957
753
3689
4153
4600
2123
1333
2573
2677
3254
4277
158
2139
5940
2045
1118
6603
836
5119
7332
2043
3099
2018
4543
6747
2815
2685
5309
2979
3683
3096
970
4796
6166
3341
4545
3461
7300
7440
6269
4780
7406
585
4358
3416
2057
6187
414
6626
5724
4842
4552
7218
572
6042
582
1457
6495
818
2892
4280
4781
1103
5996
5794
7207
4544
5909
6721
2403
4745
2823
4553
6564
2695
4049
203
3289
1071
42
4565
7074
957
3965
4526
343
6836
4436
4922
4191
6774
7426
6307
4982
5636
1539
7411
4217
3046
1191
5524
4081
3108
5777
2136
4954
6713
4733
3990
4942
5666
4118
5052
1723
6179
5772
1309
462
5834
6829
2533
3606
3639
1286
2530
4494
7439
4045
6852
3265
5395
5137
5337
6657
5554
1220
6032
1555
6030
1689
5604
7353
1647
1954
2392
6726
3519
2866
4451
3589
200
4273
3619
1700
2844
6674
5711
6779
2173
407
300
1758
1803
6927
3882
2411
7168
6661
5818
583
3189
5502
4239
7142
3178
6418
6737
5644
4945
320
2760
1740
6084
332
5205
6316
1021
7155
4793
6524
2850
5272
3262
5697
1428
3334
4076
288
5829
2819
5304
2877
3389
5201
298
4661
3802
5452
5198
4313
3413
2103
3558
2976
4871
6192
1579
668
4640
3451
1887
3748
6169
7090
6246
6150
1374
1571
1517
3662
278
5980
4592
7208
6382
1797
5062
632
2813
382
4340
3104
4660
3850
2841
4735
1708
700
701
106
5034
3297
5499
5083
1578
5321
5485
1117
5278
6237
565
1455
2205
5627
857
5113
1477
2351
3493
3216
3004
7310
2397
1981
2370
342
6992
5828
5900
1802
4392
3271
3923
2005
4495
2009
6109
5676
3002
979
2201
2051
1774
4970
3003
6479
1108
758
4109
2787
1710
1538
7316
3395
485
965
2736
1066
1761
5814
2611
736
339
6338
7219
6233
3399
800
6555
6283
5187
3303
5947
4643
1820
5758
4891
4477
2654
2620
4464
1871
1508
1818
2556
822
3569
21
2138
2167
852
6221
4826
1831
3172
5560
7180
2468
36
56
2283
3741
2256
6798
3329
5755
7134
2946
2876
4372
2381
397
5992
6797
2412
5663
2791
7382
4099
559
6870
3328
5851
7212
2557
5550
6756
2303
6705
143
1355
7461
2834
6112
5863
2608
3998
3712
304
1549
7259
7395
6374
6423
3695
395
1356
6888
5680
4004
7311
2484
3191
6718
3491
855
4184
6957
2042
4168
2361
4065
6676
624
3122
6643
891
5831
1900
7442
3030
5725
5006
1341
1834
3529
7079
5013
864
306
2965
3980
3496
6028
1111
6082
1013
7429
201
5515
1755
4675
1643
1544
5607
6660
1385
4303
260
987
6868
161
5463
3598
4339
4687
